16
181
30
32
182
98
190
174
195
146
142
232
165
65
80
22
119
230
240
198
66
232
160
165
232
84
59
124
91
100
68
78
187
30
34
168
134
141
196
145
216
203
93
108
144
189
0
212
80
187
118
119
191
221
45
140
111
113
33
226
67
99
42
122
44
147
21
70
191
147
7
247
55
115
151
220
46
29
8
82
0
174
206
164
16
219
243
127
46
253
198
247
57
166
62
235
148
35
53
128
188
177
58
143
18
9
139
208
105
141
39
165
52
39
178
52
222
237
50
153
117
159
16
18
111
238
220
69
28
242
12
21
240
216
41
215
83
0
68
174
70
105
217
147
142
76
144
115
5
106
55
62
247
54
1
196
113
127
76
91
56
254
117
9
100
142
77
74
23
180
88
253
67
179
102
247
243
110
133
198
253
191
101
115
171
8
148
187
51
232
105
188
157
128
164
236
251
155
54
226
181
254
250
7
17
168
24
122
43
239
1
74
89
166
38
48
109
227
63
28
172
78
72
7
77
50
76
51
188
100
254
135
243
168
142
107
196
205
16
83
149
253
11
59
19
92
102
16
181
165
143
175
8
89
48
109
86
104
77
124
74
251
120
93
250
35
236
129
207
78
154
208
161
91
56
106
226
2
147
238
172
141
72
70
100
165
244
145
200
53
144
118
243
22
55
213
80
250
203
45
193
18
93
79
253
116
157
179
25
55
249
216
52
62
104
175
184
34
99
143
181
62
15
255
39
108
72
45
156
70
214
75
81
62
132
9
104
168
127
162
193
104
249
218
97
31
195
29
41
145
226
251
186
94
41
253
168
126
4
85
174
190
120
174
92
236
28
27
174
9
204
11
96
228
121
76
178
144
178
71
100
185
125
238
60
143
3
152
244
112
219
46
33
236
184
78
139
252
76
187
68
229
224
205
20
132
167
211
126
159
240
32
124
183
254
82
57
219
113
204
112
80
168
223
131
14
6
88
127
80
150
36
75
46
137
122
25
146
39
48
81
208
129
48
54
104
181
10
118
242
81
72
145
107
56
245
38
230
112
32
200
174
174
232
150
196
0
144
168
164
4
209
208
243
233
0
54
41
141
183
65
0
155
254
165
71
57
87
73
13
170
144
224
185
13
91
206
177
132
8
108
194
136
113
121
230
133
252
60
164
114
230
93
166
172
241
171
252
101
3
246
12
138
196
116
45
138
175
90
180
140
48
144
161
28
223
31
240
80
84
128
100
252
241
224
12
161
82
242
64
211
2
51
27
247
160
58
250
146
158
114
49
152
80
15
180
238
218
196
100
192
78
142
151
179
70
127
199
31
51
36
253
229
230
78
145
21
181
213
86
166
19
168
49
151
61
21
206
121
71
186
17
216
31
163
22
156
65
253
209
221
169
16
87
172
94
98
94
155
248
199
26
217
72
69
23
5
130
210
126
178
48
153
114
25
214
204
18
43
59
116
2
206
233
89
54
240
7
228
66
70
67
139
184
85
237
198
221
232
89
182
208
153
202
157
15
209
55
172
2
78
133
78
28
96
144
225
97
132
203
76
220
101
68
219
14
102
121
134
210
192
43
12
72
49
214
170
199
148
134
63
225
72
71
240
93
85
167
36
246
165
131
165
63
185
57
19
218
125
196
120
213
211
234
89
183
150
6
212
223
173
237
9
241
217
184
62
184
75
87
26
175
179
63
201
109
133
248
130
94
126
254
101
76
156
157
118
4
72
109
93
83
206
25
238
233
175
211
124
35
36
167
55
2
9
17
47
139
119
67
223
101
208
253
26
214
33
69
20
42
147
17
167
178
72
38
157
25
127
55
67
4
27
172
208
249
174
118
221
247
22
36
185
245
73
42
115
141
232
138
194
246
57
44
81
241
116
155
89
203
101
165
132
225
70
246
244
236
120
8
128
101
17
249
91
250
237
51
194
169
205
219
101
153
247
55
243
175
221
121
98
204
29
139
201
201
79
153
152
255
13
173
98
30
106
154
227
19
9
180
131
188
44
202
46
110
198
28
178
209
86
35
86
238
117
253
36
193
173
108
132
176
191
84
27
178
160
217
205
78
82
222
230
128
193
135
30
99
158
245
12
228
232
111
221
222
77
54
70
214
59
2
104
98
60
254
150
17
37
37
44
225
239
217
195
198
171
128
165
104
124
18
205
225
196
50
164
190
150
99
207
178
161
241
191
132
63
173
83
243
69
5
90
5
150
185
210
157
186
100
136
236
1
98
44
21
179
145
117
95
175
230
143
238
247
111
94
9
28
204
116
18
237
48
91
100
54
61
73
169
226
105
60
14
171
223
221
187
211
237
224
134
215
109
235
43
141
209
116
213
210
21
22
39
125
82
172
118
49
112
185
60
129
245
163
12
200
156
79
180
99
67
216
10
199
231
230
97
241
27
213
104
123
139
185
111
61
61
181
180
68
231
207
202
222
169
192
185
171
92
252
148
236
26
201
179
75
100
63
123
220
201
152
90
74
89
34
219
135
68
170
55
17
151
239
142
238
50
74
36
147
112
247
24
59
79
175
145
87
139
89
141
31
237
238
46
10
188
150
129
31
87
227
46
145
112
20
23
206
206
20
1
69
2
61
70
145
212
117
240
234
239
219
74
74
112
132
232
102
1
191
86
59
191
64
10
225
240
226
191
236
220
61
129
59
227
4
36
218
131
74
229
188
72
102
51
9
52
139
99
105
241
190
142
54
101
175
145
127
43
52
44
91
97
59
224
216
95
65
163
84
236
179
99
19
35
4
58
194
42
211
21
41
250
189
233
202
178
147
240
242
221
123
209
248
75
103
33
198
125
245
237
138
130
232
56
211
53
157
225
92
227
13
124
130
171
16
15
214
191
34
254
163
134
110
189
79
18
16
15
218
165
218
117
44
196
102
213
254
11
83
198
10
37
41
159
96
129
45
99
214
45
93
81
68
16
173
32
215
165
105
213
223
220
225
4
79
68
14
93
98
49
2
77
143
90
54
50
218
172
176
83
129
184
93
190
49
158
27
60
236
214
182
222
71
177
13
102
254
83
226
205
108
82
247
23
15
198
218
7
216
4
25
227
113
123
82
24
218
194
218
178
55
211
219
167
19
26
183
178
28
7
230
56
41
3
199
217
77
192
153
83
100
132
89
45
227
77
175
178
201
56
114
122
95
70
29
232
150
254
99
220
129
224
8
89
83
5
169
12
62
219
155
155
251
25
94
212
141
54
104
156
156
89
9
55
154
4
74
219
167
102
217
205
144
11
125
218
137
233
225
7
129
240
139
134
246
82
187
220
23
91
221
255
215
131
110
227
157
78
63
82
93
27
61
124
83
249
208
136
112
157
239
14
142
129
22
202
58
204
115
3
58
55
195
175
59
166
136
43
146
1
63
33
160
207
1
127
109
97
249
122
56
155
151
101
198
191
131
141
176
185
139
212
138
129
207
87
9
51
107
37
212
179
213
123
153
9
118
148
129
115
24
150
172
68
57
194
23
115
190
46
249
39
180
228
195
128
229
128
181
212
140
32
255
137
194
7
79
206
220
225
255
37
79
183
72
220
162
198
21
159
201
4
21
56
237
81
137
186
147
239
199
151
117
238
81
156
55
176
5
205
229
116
41
209
136
254
239
109
247
162
222
192
251
187
43
224
24
86
108
23
40
155
175
101
213
75
133
72
195
243
14
41
153
238
81
233
152
244
139
126
78
178
191
161
120
168
148
81
185
35
176
52
38
43
138
221
191
54
222
32
9
114
192
205
187
203
51
107
13
143
118
210
81
172
225
189
23
73
61
215
228
91
102
183
47
255
65
111
122
235
50
177
175
36
71
158
223
20
110
57
17
127
227
109
131
104
45
57
57
48
5
91
157
62
241
176
82
157
30
230
163
110
243
37
184
202
210
106
31
22
223
203
85
175
61
229
228
14
119
14
193
67
250
99
161
34
170
53
80
226
105
214
134
115
44
231
141
121
201
198
188
251
39
159
77
164
205
185
99
198
149
237
42
181
79
227
4
146
192
219
30
154
171
208
15
133
219
149
148
81
236
2
89
122
148
98
178
128
170
59
231
101
110
223
243
152
22
165
167
106
248
254
211
198
73
249
69
103
48
159
174
215
175
220
143
10
239
79
184
105
57
82
128
125
56
127
115
165
58
38
15
22
84
145
174
31
133
191
68
4
162
200
175
51
245
53
99
60
254
177
38
12
126
157
154
87
143
125
92
181
196
51
223
120
129
167
22
150
150
107
9
58
108
188
124
129
248
127
108
5
174
231
192
170
24
212
193
191
97
96
217
209
242
190
252
66
67
106
169
111
221
150
201
212
63
47
35
145
186
152
247
5
211
195
139
10
91
173
195
26
80
133
229
39
63
182
161
58
189
144
188
255
118
15
161
109
124
31
155
1
251
228
182
154
48
74
30
110
55
109
171
144
124
242
147
208
222
125
190
162
157
126
239
29
92
143
193
24
123
173
227
148
23
168
143
23
220
123
161
143
198
6
135
241
255
105
150
101
28
133
83
67
194
89
125
76
63
182
146
165
181
95
117
193
45
14
181
73
86
190
0
112
16
139
48
145
90
25
97
197
6
74
217
107
133
0
202
89
109
214
225
253
174
96
100
91
208
31
151
119
241
208
192
197
152
95
208
52
151
176
212
161
207
236
80
57
202
145
254
242
9
157
253
64
133
24
241
162
12
252
50
98
246
183
245
163
34
63
52
234
192
35
126
205
52
62
108
83
197
199
41
228
154
107
25
155
45
223
239
163
223
7
138
145
79
210
83
24
95
145
89
118
55
134
13
66
168
92
188
117
33
6
205
166
205
25
17
195
97
246
9
202
218
64
40
89
178
91
154
132
250
149
141
21
188
206
211
171
113
190
80
219
85
249
125
147
187
81
181
254
82
155
207
170
90
60
46
244
231
90
234
87
52
110
62
157
130
231
232
8
190
59
86
53
108
20
43
39
149
158
22
142
202
119
112
35
236
83
75
109
134
125
134
63
225
197
188
185
10
123
135
161
253
60
104
43
244
221
31
118
38
201
229
232
109
162
99
243
151
183
180
29
254
177
102
151
15
13
220
47
178
14
173
168
110
239
212
209
143
213
9
9
49
5
253
179
207
250
225
229
240
237
18
22
148
254
236
198
165
30
47
186
118
87
51
212
149
244
197
255
214
167
76
74
26
255
189
254
219
245
165
200
233
12
30
179
38
58
206
142
46
57
47
205
179
121
74
118
146
232
98
139
34
74
150
223
48
47
143
141
253
205
58
39
211
53
218
78
34
8
108
21
17
115
150
42
116
190
127
2
62
168
214
191
143
24
229
222
198
102
47
100
199
219
250
206
63
26
236
41
118
101
142
44
205
138
225
229
12
158
74
239
105
210
37
44
203
175
95
86
32
120
54
28
97
20
216
53
114
41
194
222
245
245
178
65
122
79
158
28
204
21
162
65
209
227
38
50
10
30
9
107
38
26
97
144
5
45
241
147
118
168
61
59
238
3
51
197
122
177
224
49
14
41
36
99
214
172
253
149
30
253
173
33
73
99
62
4
198
249
217
243
214
172
203
228
17
37
203
250
105
205
188
156
107
140
77
212
15
193
199
196
195
12
236
217
58
103
246
147
243
251
203
95
163
27
85
40
47
143
91
236
80
220
250
199
201
33
123
100
181
145
53
222
43
214
37
144
51
195
83
220
143
174
67
243
214
130
233
184
98
249
233
254
38
2
216
247
171
55
36
200
151
148
139
241
123
152
127
252
16
106
26
23
9
100
216
238
2
28
18
232
18
137
228
250
29
90
212
140
64
166
171
20
76
129
197
113
95
157
207
99
157
231
142
218
195
228
11
110
145
139
1
205
155
29
7
121
229
35
238
209
61
22
150
74
124
94
174
39
238
49
184
202
248
127
220
157
213
99
23
180
41
243
1
182
32
252
51
98
104
110
77
91
171
238
122
180
49
177
164
48
42
242
254
226
82
252
53
94
113
90
221
19
15
224
35
220
249
45
40
98
234
243
11
152
134
32
243
232
1
125
63
200
109
203
165
160
85
13
241
68
4
15
129
246
182
13
208
43
212
22
235
39
173
158
194
68
161
55
187
195
155
174
56
111
151
157
152
199
148
82
109
167
59
1
81
169
37
220
98
57
35
133
65
127
172
112
161
154
246
119
0
204
133
187
225
232
184
113
44
129
66
32
241
230
239
210
148
127
9
64
69
140
30
255
241
109
181
218
98
165
113
69
57
124
79
175
39
100
189
221
120
245
138
140
176
6
204
53
195
31
232
239
173
224
161
24
189
228
201
191
169
19
71
101
139
148
76
159
185
6
115
205
187
37
191
50
191
92
14
224
159
245
72
114
203
46
73
226
50
223
183
194
74
173
111
233
87
104
153
4
125
9
76
164
60
114
103
205
216
70
19
151
152
1
125
95
118
207
75
186
75
124
162
60
8
214
236
222
246
104
218
86
24
248
252
163
189
240
168
32
237
234
62
154
107
9
147
154
232
156
27
130
242
38
164
101
134
72
169
83
123
83
32
113
193
7
63
167
149
237
61
76
141
254
179
72
48
155
140
151
105
147
253
22
231
139
224
197
252
57
163
109
188
37
137
176
125
70
143
183
212
33
83
239
200
205
70
213
141
23
238
112
72
211
116
135
196
7
251
34
250
157
146
22
15
45
40
30
83
178
3
173
176
65
67
9
241
6
192
43
224
18
226
66
85
125
135
247
163
186
151
81
99
119
189
141
191
82
167
143
241
183
77
196
157
41
43
146
18
248
42
183
13
107
100
230
110
153
158
158
5
43
56
151
60
63
210
175
22
80
226
147
128
148
124
72
252
105
135
165
83
146
11
111
95
156
153
92
12
149
205
239
134
152
38
127
116
251
103
13
120
28
37
155
7
245
179
85
172
220
235
180
88
108
152
166
36
141
103
84
36
46
214
233
124
98
164
45
238
218
145
22
190
11
17
95
252
77
2
26
240
220
245
80
122
165
252
165
195
170
186
113
44
30
249
159
50
253
6
57
84
148
34
254
235
42
9
85
182
86
226
83
180
37
82
161
154
187
8
253
95
232
178
132
135
5
173
39
74
9
36
30
105
54
79
175
124
124
173
13
16
108
51
31
192
175
127
10
206
54
0
54
205
106
72
198
254
68
70
139
10
206
244
163
179
171
6
172
27
50
100
208
15
221
65
15
183
100
74
52
185
219
111
201
116
85
139
8
103
16
90
39
123
85
56
234
125
245
209
53
159
151
71
42
101
142
129
25
125
249
123
232
44
152
134
141
221
19
245
109
146
68
100
252
5
74
186
81
202
125
60
90
132
45
23
32
124
199
47
206
138
185
25
131
135
248
111
126
44
250
119
126
171
46
70
36
197
41
132
77
21
9
6
83
27
106
71
186
175
71
198
207
252
23
210
27
119
171
111
175
219
187
109
163
224
33
94
120
55
204
11
38
184
108
209
204
52
234
28
130
86
216
250
195
83
108
80
245
66
189
206
231
233
222
87
241
58
110
61
222
122
107
94
69
43
76
220
75
51
161
41
20
191
46
35
58
95
242
119
54
251
230
168
237
64
4
152
157
14
16
236
49
183
7
149
148
134
151
90
196
56
36
234
146
149
6
6
77
223
28
235
189
81
200
253
205
18
101
249
44
96
22
173
104
252
88
189
217
177
180
247
127
199
111
249
136
151
118
109
124
44
11
84
70
1
206
124
82
255
142
204
6
97
61
191
90
92
120
199
209
150
154
212
248
135
21
229
93
201
40
86
47
119
42
163
210
151
219
242
28
41
18
181
121
142
235
255
168
77
48
56
217
247
74
100
118
145
17
126
96
142
254
210
57
56
27
75
164
180
99
35
5
237
72
247
39
11
206
230
150
92
62
42
183
126
165
242
187
114
214
52
90
51
43
114
27
142
92
101
200
189
146
178
221
116
162
190
153
95
37
248
9
221
247
49
64
230
91
24
65
214
254
101
61
248
186
110
45
30
247
62
162
187
13
101
90
56
25
199
231
212
155
125
88
1
40
80
101
187
105
240
135
10
193
190
132
84
10
24
189
84
195
197
48
56
219
97
111
241
143
98
230
14
77
159
171
98
105
205
55
63
95
195
116
159
140
214
161
22
236
145
246
139
251
69
185
213
234
61
41
241
143
153
60
251
216
187
98
146
195
185
31
206
90
41
210
119
47
13
178
163
219
118
236
222
14
109
68
179
225
105
73
99
78
1
120
23
213
72
51
10
85
145
82
21
89
253
108
154
22
92
10
212
207
204
61
138
59
202
233
203
32
85
181
18
172
13
83
229
184
209
177
195
83
157
137
156
198
161
200
156
165
200
249
38
235
8
67
102
114
246
71
253
212
115
186
65
167
111
110
200
233
135
186
99
22
49
45
202
121
163
212
222
46
111
246
71
100
182
172
222
140
166
241
231
3
247
233
11
249
199
149
180
211
247
243
98
94
148
188
176
23
221
24
222
170
156
242
156
51
157
110
151
187
244
174
62
72
222
7
175
60
226
163
19
7
249
52
83
111
140
121
88
65
53
4
74
4
63
64
242
229
136
90
80
57
246
3
167
130
218
122
189
103
27
201
168
231
242
31
57
184
239
228
75
254
163
170
183
27
23
19
88
26
140
70
172
245
144
139
4
102
96
230
103
114
170
215
172
206
238
75
185
252
190
76
238
74
159
57
168
59
39
52
2
51
188
113
215
24
251
91
218
164
110
212
148
10
79
172
71
167
90
85
191
3
117
214
132
161
214
84
19
252
214
181
26
213
228
221
23
99
242
70
10
107
70
4
185
190
237
163
214
88
58
230
85
159
254
127
110
228
249
72
183
249
25
143
38
116
206
25
110
120
86
69
28
96
176
104
44
173
180
190
203
183
111
141
1
164
239
37
207
90
188
224
101
21
27
59
247
46
18
102
143
250
87
252
219
214
9
145
171
183
39
190
150
10
23
34
120
121
65
205
6
20
26
87
250
33
83
94
90
133
49
97
228
238
90
161
46
246
175
88
149
79
102
84
28
193
247
72
101
249
87
88
85
98
228
158
27
46
130
0
160
141
93
97
193
212
184
76
215
81
215
58
63
121
219
58
175
198
164
192
59
105
137
44
2
216
185
95
55
170
4
189
35
55
228
253
77
228
137
94
129
108
175
175
72
68
116
38
169
62
150
238
211
10
0
254
31
145
222
168
21
241
79
20
190
153
254
123
186
42
181
101
26
226
28
107
207
86
245
191
63
67
239
52
140
101
98
189
135
251
115
141
115
28
36
220
55
157
147
209
50
228
186
248
197
69
136
35
32
131
197
197
188
89
67
110
202
241
119
26
3
125
221
50
141
48
143
232
99
222
63
203
110
171
83
224
143
150
38
238
212
91
212
122
117
3
49
211
188
244
183
2
98
129
53
13
196
210
179
241
24
189
51
115
126
178
39
251
98
213
35
253
24
165
160
169
120
199
189
123
159
103
202
102
15
37
182
18
197
47
240
184
157
243
134
169
22
169
204
20
62
147
185
99
138
195
165
255
53
122
105
242
251
34
165
160
55
45
95
212
1
64
105
198
131
247
50
40
24
150
167
35
107
220
231
209
76
17
60
179
41
112
71
205
64
184
232
49
95
42
245
250
108
137
255
221
189
243
53
152
232
242
150
112
214
92
171
90
30
227
50
43
15
221
228
124
72
222
222
39
77
15
82
127
110
187
161
254
56
0
19
173
139
47
59
42
202
40
52
177
224
92
71
8
90
132
184
116
50
221
82
7
159
89
246
48
168
9
124
125
133
159
136
125
35
39
177
92
199
212
60
144
253
198
106
57
38
49
54
117
127
74
209
108
189
191
78
61
215
143
214
118
191
111
197
138
8
201
162
28
140
221
253
52
252
176
75
97
111
241
62
212
246
134
194
11
37
152
232
134
43
137
214
82
132
247
55
159
199
75
31
192
105
95
140
121
5
60
222
8
8
137
117
98
116
195
107
152
37
92
89
204
174
242
218
144
188
148
113
84
136
93
246
124
60
30
149
151
245
242
74
115
190
188
237
179
72
152
71
191
243
130
219
128
122
10
250
198
22
233
159
187
80
144
167
53
32
48
17
127
236
254
11
46
129
4
139
69
15
151
218
83
234
200
254
22
196
14
85
236
206
106
221
216
108
40
77
230
20
123
119
153
50
22
50
151
117
155
195
94
234
54
128
119
184
115
204
219
3
216
223
196
226
127
92
125
144
110
142
76
120
217
191
251
194
158
86
170
202
40
187
83
208
245
242
204
183
221
124
29
162
142
104
223
157
42
224
228
176
218
56
175
93
245
254
46
82
3
242
108
58
101
170
6
120
95
74
178
156
73
19
255
117
203
72
62
178
17
229
132
216
14
202
48
11
141
52
143
235
37
55
165
159
123
178
204
88
115
227
70
110
59
141
219
223
40
213
160
165
239
19
158
101
76
229
129
255
108
38
174
91
17
224
233
102
235
64
168
236
48
105
107
198
226
12
195
56
80
252
81
235
156
248
217
81
74
169
195
41
227
253
145
165
194
85
105
95
123
48
0
159
170
108
125
23
17
32
226
207
179
74
100
202
6
100
163
14
197
156
81
101
48
180
52
78
101
65
223
45
145
195
43
214
87
57
128
212
226
238
2
85
134
98
105
148
77
250
171
200
66
7
132
9
26
242
96
85
206
95
81
212
106
250
13
87
190
65
179
87
240
196
158
234
51
169
131
97
107
60
76
196
253
67
163
186
173
27
83
36
7
35
11
92
54
88
100
198
126
124
25
238
147
32
22
37
147
244
153
77
77
120
196
25
19
198
23
141
102
69
32
226
34
117
24
139
182
149
145
174
214
132
81
165
33
46
72
175
93
159
63
159
6
103
253
146
178
96
128
245
223
249
81
183
2
34
223
143
107
222
41
140
164
141
139
158
101
81
182
15
126
86
168
170
2
254
84
254
241
191
243
182
174
215
77
223
41
103
24
14
112
36
12
225
57
228
85
185
33
85
79
92
164
134
7
189
198
151
115
167
173
251
87
139
251
132
150
222
72
112
255
206
230
146
37
109
88
211
62
241
134
116
181
54
42
181
204
170
222
9
11
131
149
199
252
59
178
171
226
8
108
206
213
175
170
176
180
115
124
254
83
11
104
159
205
49
217
173
248
32
138
127
183
1
25
43
159
8
254
173
162
147
199
110
163
203
152
198
71
87
58
253
5
170
187
245
103
110
118
203
230
242
72
153
117
75
19
90
105
235
95
188
139
119
129
22
234
241
60
160
210
110
223
110
183
237
122
19
90
160
175
250
21
255
61
234
23
79
99
23
71
21
96
185
153
206
173
85
182
99
85
253
72
205
126
58
219
104
63
49
245
49
100
206
192
72
10
54
175
100
149
89
181
74
150
28
108
241
113
253
139
61
211
253
60
70
122
69
206
120
177
99
149
195
185
125
243
172
253
193
122
33
88
180
201
181
211
134
223
67
224
85
204
80
234
82
21
66
14
61
233
130
114
184
153
254
181
165
192
232
206
136
55
254
187
136
20
250
220
8
29
167
113
0
1
110
117
20
5
170
131
230
171
18
49
146
185
147
21
19
158
174
210
121
88
149
203
173
197
74
78
108
154
238
223
119
187
113
213
245
212
37
209
151
77
38
32
47
137
56
33
94
198
109
113
7
199
216
200
113
236
122
110
161
5
41
105
250
28
92
186
109
240
153
154
115
142
241
85
199
81
52
142
236
220
176
80
161
205
124
54
103
20
201
8
83
90
189
117
22
242
232
221
121
191
158
93
197
243
248
29
59
202
113
250
188
156
177
164
151
55
246
80
94
223
154
7
113
175
28
118
60
26
241
250
159
185
13
110
161
164
100
68
96
251
110
209
110
162
107
19
20
124
175
190
251
118
170
116
152
97
99
187
133
88
85
133
161
6
63
248
154
240
0
57
29
36
174
11
73
57
75
2
135
55
175
100
106
23
213
204
235
183
12
228
234
55
124
193
188
2
168
113
124
35
96
60
206
138
252
161
243
191
186
144
163
168
99
195
185
233
254
54
215
214
44
142
116
38
167
148
185
249
186
40
63
190
199
215
171
234
63
80
151
133
155
190
173
188
98
126
230
48
248
63
127
13
174
3
105
209
33
17
42
149
179
50
27
189
49
159
120
198
7
238
170
227
90
75
5
127
202
250
234
246
173
86
135
125
225
140
8
18
155
74
54
39
89
20
200
141
7
93
98
226
18
141
243
207
163
94
155
115
237
230
215
167
125
202
137
174
79
25
223
22
151
116
205
116
150
115
16
240
63
101
217
8
40
190
196
17
75
120
57
102
246
50
125
205
44
253
63
117
226
214
253
89
117
22
96
92
189
243
225
173
168
102
155
187
163
244
124
171
202
119
129
29
101
108
46
236
91
163
148
97
62
105
109
170
31
148
86
153
77
215
44
37
162
162
99
143
151
124
57
238
191
205
129
241
66
24
251
53
4
164
171
198
10
150
61
127
122
148
123
204
169
145
231
159
228
245
159
52
236
69
15
87
107
205
148
158
240
22
54
184
172
251
119
105
183
142
178
53
55
226
227
1
46
7
135
212
234
57
176
164
69
211
7
168
132
250
22
113
232
95
252
164
151
250
70
201
16
231
135
58
253
195
26
102
36
236
120
12
176
93
87
233
103
72
234
91
72
237
170
172
58
204
33
115
42
143
75
155
118
121
173
196
155
112
13
74
77
185
252
36
244
160
116
146
29
205
82
146
85
183
129
31
238
74
25
153
54
252
223
167
84
211
118
89
139
1
111
162
252
41
34
78
122
24
228
15
221
206
224
213
197
139
175
73
12
161
81
11
14
198
140
88
143
247
228
188
177
222
230
39
94
23
52
218
96
142
52
121
18
227
128
243
104
20
152
17
205
8
147
160
240
128
10
216
147
236
246
16
193
113
64
75
209
254
10
149
120
41
223
219
69
54
127
78
156
76
9
236
49
160
121
34
85
184
178
195
36
189
158
236
12
205
103
48
146
21
6
191
112
74
48
11
121
9
157
139
22
46
239
74
222
119
156
247
33
10
188
121
41
160
105
9
236
156
15
108
51
220
139
129
173
211
254
179
134
33
79
249
214
245
177
163
251
106
119
178
91
227
46
134
251
253
238
173
103
178
36
171
117
246
171
43
105
102
180
215
25
175
181
24
194
122
44
85
52
124
218
93
132
44
236
162
237
188
231
244
99
254
143
63
116
69
215
200
30
212
138
168
121
112
72
194
95
157
58
19
178
228
105
99
138
178
169
145
132
131
252
124
155
135
241
203
38
139
57
80
34
46
135
247
73
100
164
56
179
189
191
180
61
209
165
58
199
174
185
156
95
44
202
163
241
81
117
184
210
156
140
252
134
211
214
58
40
173
97
31
161
212
112
195
115
120
185
128
59
223
111
159
187
134
252
178
107
246
13
172
70
184
32
98
227
207
125
185
195
39
32
143
164
137
131
135
164
88
237
236
22
126
247
175
245
159
191
79
36
197
254
141
189
134
221
219
56
67
193
209
199
187
90
173
52
90
138
202
50
104
37
189
218
130
172
140
204
172
52
223
33
218
208
116
110
107
191
200
102
149
150
116
180
214
72
246
121
189
75
171
241
130
213
119
85
249
55
107
187
158
29
149
83
132
242
56
40
217
120
55
48
64
215
40
172
199
184
24
76
222
21
142
199
46
6
91
213
169
113
51
184
102
34
200
50
49
227
188
24
209
46
20
148
143
39
205
105
176
182
30
20
110
36
121
31
244
42
83
253
171
238
235
20
22
73
75
79
141
175
251
91
156
43
17
36
73
155
101
206
96
236
254
20
9
129
238
49
28
186
12
41
24
97
159
23
119
15
233
135
9
165
169
62
33
161
146
59
84
255
119
85
127
58
227
168
191
165
94
30
107
7
84
195
188
161
105
47
99
215
203
13
117
26
251
136
118
113
40
243
132
210
246
233
35
179
36
106
255
227
242
99
125
125
44
2
210
169
216
94
3
186
50
122
88
98
57
148
176
217
78
124
15
189
197
108
90
176
201
58
112
154
94
254
229
109
88
223
117
93
140
234
226
174
245
206
244
1
60
119
63
81
22
177
147
35
208
4
199
141
131
244
104
192
79
189
15
127
7
219
53
98
164
186
205
75
43
177
116
51
7
129
245
54
235
139
88
10
233
172
113
142
248
106
51
218
47
238
67
204
131
7
94
190
181
57
77
102
115
128
131
110
152
98
243
43
218
112
142
31
61
116
233
252
57
82
129
55
43
199
26
101
134
193
33
114
27
165
110
16
134
130
139
94
221
186
178
121
217
40
147
138
113
182
28
186
70
205
209
111
218
167
48
57
252
189
145
7
183
160
207
212
3
10
157
196
43
155
65
185
143
72
213
27
193
47
127
107
135
180
42
238
110
56
25
61
123
93
179
239
168
226
33
83
203
113
205
173
32
55
76
224
185
196
188
191
184
79
8
177
241
188
242
55
98
32
225
66
217
221
125
234
61
161
72
140
150
210
61
34
188
248
74
99
150
19
114
133
206
221
153
147
41
165
22
183
74
3
36
171
2
66
91
245
48
59
26
94
159
189
179
102
212
102
212
120
51
210
22
70
185
118
19
128
105
66
130
74
62
237
93
186
130
22
175
145
106
160
206
121
121
45
76
112
199
49
199
128
229
233
43
98
63
170
236
192
111
141
132
177
38
10
22
142
11
255
71
195
196
116
244
10
39
101
180
30
40
234
204
149
245
128
17
217
251
87
4
248
101
117
134
208
131
148
122
152
180
16
159
37
168
49
233
0
181
126
34
52
207
167
193
187
82
228
153
107
246
16
54
21
141
24
187
95
169
7
248
226
134
131
29
232
91
200
68
77
127
200
201
58
7
190
210
58
146
228
239
146
255
236
43
30
104
141
52
162
214
199
13
59
133
117
91
202
248
148
180
119
205
240
83
16
241
238
199
142
157
130
255
37
233
165
56
69
91
143
181
222
60
213
213
250
67
66
24
109
140
71
198
225
227
118
125
181
174
157
16
44
205
48
104
54
195
39
14
4
91
56
38
177
103
232
118
12
192
79
14
192
111
182
75
140
245
202
47
40
31
2
149
171
223
232
116
153
109
252
199
75
171
55
155
66
137
189
161
129
179
191
113
198
97
11
64
51
40
113
200
122
113
138
205
150
248
131
35
253
215
12
71
83
41
155
195
110
175
90
15
140
223
219
13
164
167
247
34
48
56
128
247
82
2
193
140
110
202
200
126
176
200
31
83
69
112
167
121
63
44
54
48
68
24
67
31
133
63
63
147
75
188
43
203
204
63
50
17
170
220
78
232
95
228
119
147
106
124
161
169
3
174
163
137
244
129
97
228
142
145
111
78
84
21
35
206
137
190
200
162
231
138
173
62
111
228
228
183
205
59
213
1
235
110
67
42
94
171
43
20
176
136
39
247
113
229
210
49
120
120
198
57
7
243
166
125
165
216
182
66
48
82
188
23
153
148
44
0
231
75
142
252
148
199
161
204
91
71
47
130
112
145
213
95
24
103
39
63
66
244
254
215
178
121
143
218
209
28
215
246
60
70
92
38
186
135
104
95
249
161
63
186
21
211
133
245
242
1
11
53
232
203
165
248
53
225
53
156
35
172
214
129
239
70
48
218
45
66
170
163
217
234
158
89
203
136
147
14
104
158
222
115
117
53
23
180
45
65
179
119
32
238
202
171
157
36
58
185
106
45
11
102
103
91
242
46
122
70
2
183
138
218
173
180
33
12
13
102
202
64
83
57
105
13
183
224
250
222
195
250
60
158
44
22
184
5
129
108
47
113
174
42
184
197
75
47
174
206
48
173
109
213
58
124
23
42
36
92
63
9
15
84
134
135
93
183
55
194
195
60
69
197
157
159
3
37
31
255
176
166
220
93
52
147
59
184
231
69
132
236
135
113
227
235
75
106
7
65
58
182
46
186
55
92
197
196
117
1
117
145
87
87
178
26
229
99
244
230
42
73
201
233
229
123
135
151
131
17
121
77
164
21
149
49
226
123
206
46
2
160
33
238
162
221
157
155
106
238
152
110
96
65
23
238
46
178
180
33
241
127
117
148
242
225
147
146
43
148
42
243
220
22
177
214
236
242
233
124
13
217
233
153
251
185
109
109
126
85
50
44
122
87
62
64
7
144
181
211
216
251
167
196
70
252
45
32
23
43
99
100
235
77
245
30
59
51
198
196
13
222
77
205
194
135
31
224
63
219
5
181
148
135
151
121
170
128
238
137
145
38
186
105
77
134
241
215
226
249
204
73
200
100
114
94
80
199
117
202
26
186
153
177
162
200
12
10
167
212
7
61
190
79
247
136
236
30
236
195
181
27
197
14
38
142
53
226
185
71
40
18
81
61
238
158
162
38
58
239
231
72
200
183
191
68
103
0
69
51
95
192
237
190
254
163
70
150
14
223
244
82
18
239
161
160
155
57
53
224
247
87
27
244
2
116
177
84
71
156
204
31
241
63
164
158
137
232
173
179
70
149
9
241
33
249
68
129
126
69
250
158
131
248
235
165
19
157
41
120
250
10
13
126
84
112
25
103
184
162
185
85
250
210
105
26
138
172
85
198
136
158
19
238
12
46
223
193
234
201
225
144
122
177
178
61
30
238
85
58
220
20
100
215
138
125
10
214
131
252
50
140
117
80
184
0
186
72
43
10
196
168
221
51
47
135
176
188
94
203
60
209
163
215
164
179
52
135
178
250
65
60
136
175
62
166
66
177
140
147
187
167
203
218
98
188
3
192
104
195
186
245
65
241
175
16
21
54
155
80
237
7
254
156
250
33
153
219
6
99
155
148
50
96
50
186
234
63
214
216
178
226
2
91
211
158
249
172
231
209
109
134
154
63
65
198
30
206
77
62
12
93
67
55
237
6
49
212
65
68
133
237
193
66
4
227
100
233
153
170
210
64
108
47
112
67
60
143
242
159
36
202
6
90
35
59
25
248
211
155
235
147
224
27
238
73
58
170
162
183
180
137
91
192
175
108
148
221
87
95
32
2
4
212
112
250
22
67
162
54
228
168
109
9
122
150
193
28
186
254
89
53
191
38
247
51
127
66
0
126
227
123
7
107
122
20
212
78
80
223
96
210
206
37
175
109
98
96
137
119
211
100
81
176
229
134
116
195
158
107
33
148
200
79
100
200
232
4
226
108
219
141
196
0
159
21
86
169
22
252
5
22
225
40
9
245
180
222
177
64
96
32
71
5
215
108
124
210
128
27
122
138
245
190
172
212
186
108
160
143
129
92
217
178
3
63
55
86
157
191
91
132
14
130
62
64
27
71
51
110
181
13
206
176
61
154
58
93
38
68
226
118
136
142
186
225
75
226
168
217
50
223
205
158
222
208
163
139
6
161
93
230
31
8
58
14
135
222
41
170
6
226
81
167
2
45
146
26
91
123
150
189
249
43
53
190
37
80
48
34
52
108
200
27
82
44
167
51
169
217
151
159
237
172
176
248
149
71
189
50
66
161
160
211
26
30
126
189
184
64
241
189
126
114
105
207
141
90
74
159
216
141
73
13
105
160
210
9
129
189
7
103
90
190
11
68
142
161
194
213
200
37
109
49
203
92
71
9
84
115
20
12
67
129
237
154
79
144
23
155
78
38
7
6
14
92
119
77
29
153
115
133
130
86
191
250
226
155
176
1
132
118
18
12
163
94
145
58
126
42
12
7
21
14
69
0
162
3
18
190
234
55
98
206
86
20
205
67
117
117
181
67
242
245
112
81
239
81
199
117
207
177
4
8
135
213
210
186
101
222
110
189
196
38
25
223
249
99
18
24
141
135
247
7
104
196
124
234
120
217
108
81
113
133
95
103
127
190
211
148
165
95
2
168
218
215
77
205
25
32
106
147
53
136
126
83
91
156
90
232
159
224
228
181
135
185
158
217
52
118
113
169
107
101
176
166
76
34
192
44
5
109
4
34
6
162
113
99
234
109
215
229
100
239
237
141
171
187
73
213
12
33
7
66
49
213
25
26
218
73
209
201
249
153
51
28
175
133
165
22
18
7
41
175
34
236
165
87
61
140
224
38
48
42
104
12
96
46
213
84
109
144
164
253
56
116
181
75
166
160
185
64
80
77
171
50
24
132
158
172
243
108
156
43
183
145
196
95
236
144
237
14
151
86
161
77
187
185
32
56
100
132
15
91
99
251
212
234
84
22
113
33
229
73
248
188
91
30
217
46
215
26
215
241
100
100
56
108
79
62
77
24
130
81
3
246
29
138
214
42
51
245
179
68
188
31
131
56
107
203
80
151
222
94
80
107
127
211
23
98
164
90
82
165
140
1
13
95
255
13
50
209
108
245
181
188
69
224
36
94
179
221
143
99
31
113
39
81
186
198
220
67
72
123
131
89
161
161
128
12
181
238
168
18
173
156
189
124
187
50
90
177
136
41
142
36
1
27
2
241
32
219
151
18
131
73
36
84
23
25
191
213
152
39
198
152
77
200
120
80
124
254
146
59
212
97
124
136
73
91
111
176
61
45
176
219
197
79
157
69
136
246
221
100
178
104
61
166
233
140
250
192
130
176
90
42
103
12
68
133
172
85
34
137
191
182
195
238
243
178
239
253
33
26
99
145
103
172
79
220
216
125
115
190
80
88
44
243
46
101
150
48
155
178
26
225
113
140
152
205
124
194
30
2
128
176
189
25
181
96
247
253
158
193
139
20
69
33
8
136
18
248
204
129
200
235
107
35
113
50
14
78
115
252
255
182
140
110
4
166
144
83
205
195
139
90
25
149
205
1
27
129
31
197
48
55
228
192
57
176
55
122
220
226
60
252
117
185
128
199
204
206
160
246
114
69
178
237
72
6
115
61
221
53
147
254
191
249
39
162
69
114
101
189
93
47
83
168
50
139
76
109
1
225
141
201
156
0
170
117
81
27
28
147
255
32
50
73
212
33
209
221
96
80
16
230
193
113
145
104
251
224
138
207
203
93
32
80
235
107
187
177
23
53
224
41
140
126
204
217
13
0
53
241
147
109
61
96
211
166
61
21
142
100
154
208
4
148
226
81
149
166
99
85
227
210
182
37
200
0
207
31
236
250
87
135
153
11
77
13
142
81
105
192
36
196
91
50
192
179
73
114
121
17
47
131
236
78
51
130
1
77
4
81
126
136
23
104
223
185
17
78
154
199
105
49
38
35
8
66
145
236
244
123
23
16
250
20
90
126
67
174
251
37
37
139
225
93
167
3
72
238
61
4
108
73
28
48
121
241
207
187
248
16
90
103
29
143
166
40
24
21
228
197
185
86
95
205
52
156
160
88
103
217
215
245
216
231
229
52
18
158
136
70
208
238
141
168
109
182
100
146
240
107
120
146
200
69
49
116
59
73
135
0
34
162
73
48
181
96
161
19
120
207
242
127
19
99
118
115
128
215
198
142
134
125
35
192
72
160
201
74
1
17
245
120
4
55
193
252
75
128
95
240
56
150
37
241
69
22
112
49
141
241
53
137
221
166
205
33
102
194
156
148
206
147
41
237
233
134
61
83
223
235
50
219
120
145
97
162
209
121
247
58
15
0
23
129
10
103
204
234
163
160
195
143
46
78
154
193
204
252
148
236
10
109
3
192
139
123
234
151
93
105
179
8
168
190
201
85
129
148
130
13
255
157
77
21
117
210
221
208
122
88
244
101
164
75
35
123
245
81
54
162
32
248
178
140
215
169
236
116
76
0
8
254
1
1
252
125
84
237
20
126
5
146
171
173
0
88
19
55
93
56
190
86
57
39
182
11
187
176
17
194
16
36
2
197
115
71
68
181
65
119
148
238
161
29
73
9
187
198
190
124
142
220
167
233
238
72
2
34
118
42
178
229
152
96
179
140
1
169
172
121
130
46
73
31
162
245
66
23
228
251
211
238
148
134
88
8
199
99
41
123
70
73
213
114
71
2
249
235
27
78
26
102
179
14
157
27
97
72
168
200
213
107
11
102
210
103
13
154
16
6
115
144
52
10
154
252
177
46
88
20
143
219
118
229
249
170
220
73
237
145
164
75
153
53
225
58
81
228
54
152
59
132
61
242
114
96
162
153
208
189
149
57
71
251
108
233
113
101
194
219
27
199
226
184
124
168
49
121
44
140
101
160
206
139
86
145
25
102
131
197
97
185
133
73
186
144
101
142
26
240
81
154
248
99
246
102
73
68
199
23
14
131
238
144
69
122
178
86
161
38
180
251
124
197
222
185
92
228
166
168
130
157
85
231
187
12
29
240
115
0
30
5
242
44
230
76
88
253
92
8
203
164
201
101
74
182
51
96
91
6
149
193
108
142
32
10
66
127
121
151
72
76
52
31
65
44
236
24
148
243
198
230
22
33
2
5
25
172
195
229
41
147
65
49
16
136
20
233
186
197
180
120
143
149
29
46
76
184
184
185
211
143
85
179
41
148
229
176
193
248
31
64
1
210
58
6
146
195
248
81
186
35
29
132
124
188
228
75
232
29
235
221
34
170
4
27
144
148
86
31
1
65
255
72
88
161
78
253
8
252
204
233
162
120
189
33
159
182
103
154
234
184
61
34
84
156
59
111
214
230
98
164
67
129
108
212
217
101
37
226
201
130
173
163
105
213
106
211
241
49
190
237
146
106
235
80
147
113
21
165
51
123
212
22
30
194
228
59
239
254
22
12
52
37
84
167
112
151
163
170
2
63
44
3
98
14
42
181
198
179
152
186
232
248
135
127
233
68
166
255
130
107
43
103
39
215
131
82
4
180
12
235
19
26
217
123
172
121
245
81
210
141
223
173
185
215
78
62
125
69
227
134
251
59
12
119
60
135
16
139
91
158
255
1
76
94
86
190
174
6
49
167
115
28
102
218
252
55
5
243
254
151
78
181
38
36
67
204
148
111
180
188
68
43
77
58
254
184
71
46
34
49
73
31
67
111
92
87
237
100
219
97
73
168
128
82
58
85
43
122
106
66
252
177
57
129
164
225
50
18
134
233
28
177
175
125
40
135
67
235
14
70
127
104
190
179
156
49
6
118
50
227
151
113
153
224
26
220
116
204
188
97
162
11
178
30
70
147
17
88
85
6
47
173
58
7
172
250
112
136
155
234
31
206
76
186
35
240
34
0
146
130
17
255
6
39
116
217
190
173
237
137
0
251
1
91
93
221
29
140
37
50
172
28
132
195
94
217
202
114
190
85
75
160
100
155
123
139
15
187
162
138
82
155
135
208
177
7
244
135
250
69
172
230
171
251
227
87
150
186
24
19
240
152
98
21
195
36
170
184
202
143
107
194
140
9
0
20
244
199
46
180
163
139
93
43
15
251
65
58
108
195
26
176
106
131
138
188
16
204
230
63
170
118
2
253
106
49
55
244
29
55
27
57
92
11
113
151
246
142
250
177
51
77
36
140
200
88
77
7
202
46
0
144
97
254
211
84
196
92
173
221
73
217
199
192
147
206
188
19
41
94
52
29
229
156
199
67
210
121
192
134
170
48
108
125
93
199
191
234
195
248
132
111
149
168
96
151
21
51
47
142
169
232
169
53
20
146
152
2
3
140
41
150
162
236
6
20
43
154
100
188
234
161
90
118
118
47
155
107
111
70
93
3
169
127
109
252
192
28
155
40
228
64
84
195
52
46
142
147
25
123
96
184
110
11
212
188
67
254
226
242
64
10
40
6
166
116
190
215
108
20
127
142
146
206
44
3
217
232
232
176
183
228
57
29
112
101
99
108
102
138
80
134
151
41
166
216
80
183
102
142
8
36
144
225
65
32
202
181
148
81
134
70
1
174
114
195
117
253
88
214
79
253
21
180
15
243
253
63
240
230
98
129
169
239
83
184
33
135
186
206
13
56
167
43
79
159
135
42
43
84
208
143
222
138
13
253
106
205
136
102
196
6
219
23
126
251
13
189
231
130
148
7
3
243
21
106
175
145
187
91
47
76
75
126
125
9
218
80
3
186
56
57
79
131
2
113
0
60
164
122
182
116
105
145
168
179
184
161
139
130
159
58
247
28
51
37
215
35
168
32
195
51
156
118
244
205
214
114
0
134
191
170
166
76
182
235
246
129
116
64
195
18
179
70
156
59
32
242
220
204
15
181
232
110
129
219
65
145
209
158
69
122
74
38
64
109
90
13
235
13
11
231
120
112
59
208
45
86
45
36
231
199
56
52
15
89
178
57
109
158
222
250
72
108
25
13
240
131
76
154
210
228
125
15
51
141
169
173
5
98
65
209
80
219
215
144
84
138
77
14
239
54
106
222
59
206
231
129
255
166
148
83
129
88
50
119
97
18
173
104
238
186
40
116
12
114
200
133
29
25
242
34
121
2
154
4
128
27
155
200
73
190
42
74
221
222
103
31
133
169
129
191
240
252
114
70
89
254
40
189
54
49
26
47
215
233
89
185
14
7
91
114
252
118
94
84
186
140
31
237
53
71
37
194
130
88
240
137
160
170
230
64
3
148
224
237
146
49
88
20
231
236
192
42
138
200
131
131
167
134
241
209
140
212
13
160
42
45
1
19
162
217
35
51
145
34
79
160
114
78
144
1
128
86
93
35
130
26
179
73
208
115
